20 70 20 250
20 250 80 250
80 250 80 290
-40 290 80 290
20 370 80 370
80 330 80 370
-40 330 80 330
20 370 20 530
20 530 780 530
780 70 780 250
720 250 780 250
720 250 720 290
720 290 840 290
720 370 780 370
720 330 720 370
720 330 840 330
780 370 780 530
20 70 780 70
20 530 780 530
400 70 400 150
60 110 180 110
60 110 60 150
180 110 180 150
60 150 180 150
220 110 360 110
220 110 220 150
360 110 360 150
220 150 360 150
60 190 180 190
60 190 60 210
180 190 180 210
60 210 180 210
620 110 740 110
740 110 740 150
620 110 620 150
620 150 740 150
440 110 580 110
580 110 580 150
440 110 440 150
440 150 580 150
620 190 740 190
740 190 740 210
620 190 620 210
620 210 740 210
260 190 540 190
400 190 400 270
220 190 220 270
220 230 360 230
580 190 580 270
440 230 580 230
280 310 360 310
440 310 520 310
280 390 520 390
220 310 220 390
580 310 580 390
120 250 120 370
120 250 160 250
120 370 160 370
680 250 680 370
640 250 680 250
640 370 680 370
280 430 520 430
400 430 400 490
20 450 60 450
740 450 780 450
60 410 100 410
100 410 100 490
700 410 740 410
700 410 700 490
140 410 180 410
140 410 140 450
180 410 180 450
140 450 180 450
220 430 220 490
140 490 360 490
620 410 660 410
620 410 620 450
660 410 660 450
620 450 660 450
580 430 580 490
440 490 660 490